100000
9001
9011
9021
9031
9041
9002
9012
9022
9032
9042
9003
9051
9061
9071
9081
9091
9052
9062
9072
9082
9998
9997
9996
10001
10471
11001
10011
10013
10481
11010
10012
10490
11020
10021
10500
11021
11022
11023
11024
10031
10501
10502
10503
10504
11031
10040
10044
10511
11040
10041
10042
10043
10520
11041
11042
11043
11044
10051
10052
10521
10522
10523
10524
11051
10053
10054
10531
11060
10061
10540
11061
11062
11063
11064
10070
10541
10542
10543
10544
11071
10071
10072
10073
10551
11080
10081
10560
11081
11082
11083
11084
10091
10561
10562
10563
10564
11091
10092
10571
11100
10100
10580
11101
11102
11103
11104
10110
10581
10582
10583
10584
11111
10111
10112
10113
10114
10591
10592
10593
11120
10122
10595
10598
10599
11121
11122
11123
11124
10121
10596
10597
11131
10130
10594
11140
10131
10132
10133
10134
10601
11141
11142
11143
11144
10141
10602
11151
11152
11153
10150
10610
11160
11171
10151
10152
10153
10154
10611
10612
10613
11191
11180
10161
10621
11201
11181
11182
10170
10631
11211
11183
10171
10172
10173
10174
10641
11221
10181
10651
11231
10190
10660
11240
10191
10192
10193
10194
10661
10662
10663
11241
11242
11243
11244
10201
10202
10203
10671
11251
10204
10205
10681
11261
10211
10206
10682
11271
10221
10207
10208
10690
11280
10230
10209
10700
11281
11282
11283
10231
10232
10233
10701
10702
10703
10704
11291
10241
10711
11301
10251
10720
11310
10260
10721
10722
10723
10724
11311
11312
11313
10261
10262
10263
10731
11321
10271
10740
11330
10281
10741
10742
10743
10744
11340
11350
10290
10751
11341
11351
10291
10292
10293
10760
11342
11352
10301
10761
10762
10763
10764
11343
11353
10311
10771
11344
11354
10321
10780
11345
11355
10331
10781
10782
10783
10784
11346
11356
10340
10791
11347
11357
10350
10800
11348
11358
10360
10370
10801
10802
10803
10804
11349
11359
10361
10371
10811
10812
10813
11430
10362
10372
10814
10815
11441
11442
10363
10373
10821
10816
11451
11443
10364
10374
10831
11461
10365
10375
10840
11470
10366
10376
10841
10842
10843
11480
10367
10377
10851
11481
11482
11483
11484
10368
10378
10861
11491
10369
10379
10870
11500
10450
10871
10872
10873
11501
11502
11503
11504
10461
10881
11511
10891
11520
10901
11521
11522
11523
11524
10910
11531
10911
10912
10913
11540
10921
10914
11541
11542
11543
11544
10931
11551
10941
11560
10950
11561
11562
11563
11564
10951
10952
10953
11571
10961
11580
10970
11581
11582
11583
11584
10971
10972
10973
11591
10981
11600
10991
11601
11602
11603
11604
11611
11620
11621
11622
11623
11624
11631
11632
11633
11640
11651
11661
11652
11671
11680
20000
20001
20002
20611
20011
20620
20020
20621
20622
20623
20021
20022
20631
20031
20640
20041
20650
20050
20651
20652
20653
20654
20060
20661
20061
20062
20063
20064
20670
20071
20671
20672
20673
20674
20080
20681
20081
20082
20083
20084
20690
20091
20691
20692
20693
20694
20100
20701
20101
20102
20103
20104
20710
20111
20711
20712
20713
20714
20120
20721
20121
20122
20123
20124
20730
20131
20731
20732
20733
20734
20140
20741
20141
20142
20143
20144
20750
20151
20152
20153
20751
20752
20753
20754
20160
20171
20761
20191
20180
20770
20201
20181
20182
20183
20771
20772
20773
20774
20211
20184
20781
20782
20783
20221
20790
20801
20231
20821
20810
20241
20831
20811
20812
20250
20840
20813
20260
20841
20842
20261
20262
20263
20264
20851
20843
20271
20860
20280
20281
20282
20283
20284
20291
20300
20301
20302
20303
20304
20311
20320
20321
20322
20323
20324
20331
20340
20341
20342
20343
20344
20351
20360
20361
20362
20363
20364
20371
20372
20373
20380
20391
20421
20400
20431
20401
20402
20403
20441
20411
20410
20450
20412
20451
20452
20453
20461
20471
20481
20490
20500
20510
20501
20511
20502
20512
20503
20513
20504
20514
20505
20515
20506
20516
20507
20517
20508
20518
20509
20519
20590
20601
20602
20603
30000
30001
30830
30011
30840
30020
30841
30842
30843
30844
30021
30851
30030
30022
30023
30860
30041
30861
30862
30863
30864
30051
30871
30060
30880
30061
30062
30881
30882
30883
30884
30071
30891
30081
30900
30091
30901
30902
30903
30904
30100
30911
30101
30102
30920
30111
30921
30922
30923
30924
30121
30931
30130
30940
30140
30941
30942
30943
30944
30141
30142
30143
30144
30951
30151
30960
30160
30961
30962
30963
30964
30161
30162
30163
30164
30971
30972
30973
30171
30980
30991
30180
31021
31000
30181
30182
30183
30184
31030
31001
31002
31003
30191
31011
30200
31012
30201
30202
30203
30204
30211
30220
30221
30222
30223
30224
30231
30232
30233
30240
30251
30271
30260
30281
30261
30290
30291
30292
30293
30301
30311
30321
30330
30340
30341
30342
30343
30344
30351
30360
30361
30362
30363
30364
30371
30380
30381
30382
30383
30384
30391
30400
30401
30402
30403
30404
30411
30420
30421
30422
30423
30424
30431
30440
30441
30442
30443
30444
30451
30452
30453
30460
30471
30511
30480
30521
30481
30482
30483
30530
30490
30501
30531
30532
30502
30541
30550
30551
30552
30560
30553
30561
30562
30563
30571
30580
30581
30582
30583
30590
30601
30611
30602
30620
30621
30622
30623
30631
30641
30651
30660
30661
30662
30663
30671
30681
30691
30701
30710
30720
30730
30721
30731
30722
30732
30723
30733
30724
30734
30725
30735
30726
30736
30727
30737
30728
30738
30729
30789
30810
30821
30822
30823
40000
40001
40002
40581
40011
40591
40020
40600
40021
40022
40023
40601
40602
40603
40031
40611
40041
40620
40051
40621
40622
40060
40630
40061
40062
40631
40071
40640
40632
40081
40650
40091
40651
40652
40653
40654
40101
40661
40110
40670
40111
40112
40113
40671
40672
40673
40674
40121
40681
40131
40690
40140
40691
40692
40693
40694
40150
40701
40151
40152
40153
40154
40710
40161
40711
40712
40713
40714
40170
40721
40171
40172
40173
40174
40730
40181
40731
40732
40733
40734
40190
40741
40191
40192
40193
40194
40750
40201
40751
40752
40753
40754
40210
40761
40211
40212
40213
40214
40770
40221
40771
40772
40773
40774
40230
40781
40782
40783
40231
40232
40233
40234
40790
40801
40241
40242
40243
40821
40810
40250
40261
40830
40811
40812
40813
40281
40270
40840
40850
40814
40291
40271
40841
40851
40301
40272
40842
40852
40311
40843
40853
40321
40844
40854
40330
40845
40855
40331
40332
40846
40856
40341
40847
40857
40351
40848
40858
40361
40849
40859
40370
40930
40380
40941
40942
40943
40381
40382
40383
40384
40950
40391
40951
40952
40400
40961
40401
40402
40403
40404
40971
40411
40981
40420
40991
40421
40422
40423
40424
41001
40431
41011
40440
41020
40441
40442
40443
40444
40451
40460
40461
40462
40463
40464
40471
40480
40481
40482
40483
40484
40491
40492
40493
40500
40511
40541
40520
40551
40521
40522
40560
40523
40530
40561
40562
40563
40571
50000
50001
50570
50011
50580
50021
50581
50582
50583
50584
50031
50591
50040
50600
50041
50042
50043
50601
50602
50603
50604
50051
50611
50061
50620
50071
50621
50622
50623
50624
50080
50631
50090
50640
50091
50092
50093
50094
50641
50642
50643
50644
50101
50651
50110
50660
50111
50112
50113
50114
50661
50662
50663
50664
50121
50671
50130
50680
50131
50132
50133
50134
50681
50682
50683
50684
50141
50691
50150
50700
50151
50152
50153
50154
50701
50702
50703
50704
50161
50711
50712
50713
50170
50720
50721
50171
50172
50173
50174
50751
50730
50181
50182
50183
50761
50731
50732
50190
50201
50771
50741
50210
50780
50742
50221
50231
50241
50781
50782
50250
50783
50261
50251
50790
50271
50252
50800
50810
50272
50801
50811
50281
50802
50812
50291
50803
50813
50301
50804
50814
50311
50805
50815
50321
50806
50816
50330
50807
50817
50340
50808
50818
50341
50342
50343
50344
50809
50819
50351
50900
50360
50910
50911
50361
50362
50363
50364
50913
50912
50371
50914
50380
50921
50381
50382
50383
50384
50931
50391
50940
50400
50401
50402
50403
50404
50411
50420
50421
50422
50423
50424
50431
50440
50441
50442
50443
50444
50451
50452
50453
50460
50471
50480
50482
50481
50500
50501
50502
50511
50491
50521
50492
50503
50531
50540
50541
50542
50543
50551
50544
50561
60000
60001
60760
60011
60770
60780
60021
60771
60781
60022
60772
60782
60030
60773
60783
60031
60032
60033
60774
60784
60041
60775
60785
60051
60776
60786
60060
60777
60787
60070
60778
60788
60071
60072
60073
60074
60779
60789
60081
60860
60090
60871
60872
60091
60092
60093
60094
60881
60873
60101
60890
60110
60111
60112
60113
60114
60121
60130
60131
60132
60133
60134
60141
60150
60151
60152
60153
60154
60161
60162
60163
60170
60181
60201
60190
60211
60191
60220
60192
60221
60222
60231
60240
60241
60242
60251
60260
60261
60262
60271
60263
60281
60291
60300
60301
60302
60303
60311
60321
60330
60340
60341
60342
60343
60344
60351
60360
60361
60362
60363
60364
60371
60380
60381
60382
60383
60384
60391
60400
60401
60402
60403
60404
60411
60420
60421
60422
60423
60424
60431
60440
60441
60442
60443
60444
60451
60452
60453
60460
60471
60491
60480
60501
60481
60511
60482
60520
60521
60522
60523
60531
60524
60540
60550
60551
60552
60553
60554
60561
60570
60571
60572
60573
60574
60581
60590
60591
60592
60593
60594
60601
60610
60611
60612
60613
60614
60621
60630
60631
60632
60633
60634
60641
60650
60651
60652
60653
60654
60661
60670
60671
60672
60673
60674
60681
60682
60683
60690
60701
60721
60710
60731
60711
60712
60741
60713
60751
70000
70001
70441
70011
70450
70021
70460
70470
70031
70461
70471
70040
70462
70472
70041
70042
70043
70463
70473
70051
70044
70464
70474
70061
70465
70475
70071
70466
70476
70081
70467
70477
70091
70468
70478
70100
70469
70479
70110
70550
70111
70112
70113
70114
70121
70560
70561
70130
70570
70562
70131
70132
70133
70134
70580
70141
70581
70582
70583
70584
70150
70591
70151
70152
70153
70154
70600
70161
70601
70602
70603
70604
70170
70611
70171
70172
70173
70174
70620
70181
70621
70622
70623
70624
70190
70631
70191
70192
70193
70194
70640
70201
70202
70203
70641
70642
70643
70644
70210
70651
70221
70660
70231
70661
70662
70663
70664
70241
70671
70251
70680
70261
70681
70682
70683
70684
70270
70691
70273
70271
70272
70700
70280
70274
70275
70701
70702
70703
70704
70281
70282
70711
70712
70713
70291
70283
70720
70732
70300
70731
70733
70310
70741
70311
70312
70313
70314
70750
70321
70330
70331
70332
70333
70334
70341
70350
70351
70352
70353
70354
70361
70370
70371
70372
70373
70374
70381
70390
70391
70392
70393
70394
70401
70410
70411
70412
70413
70414
70421
70422
70423
70430
80000
80001
80620
80011
80630
80021
80631
80632
80633
80634
80030
80641
80040
80650
80041
80042
80043
80044
80651
80652
80653
80654
80051
80661
80060
80670
80061
80062
80063
80064
80671
80672
80673
80674
80071
80681
80080
80690
80081
80082
80083
80084
80691
80692
80693
80694
80091
80701
80100
80710
80101
80102
80103
80104
80711
80712
80713
80714
80111
80721
80120
80730
80121
80122
80123
80124
80731
80732
80733
80734
80131
80132
80133
80741
80140
80750
80151
80751
80752
80753
80754
80161
80761
80762
80763
80171
80770
80781
80181
80791
80782
80190
80800
80191
80192
80193
80201
80211
80221
80231
80241
80250
80251
80252
80253
80261
80254
80271
80280
80290
80291
80292
80293
80294
80301
80310
80311
80312
80313
80314
80321
80330
80331
80332
80333
80334
80341
80350
80351
80352
80353
80354
80361
80370
80371
80372
80373
80374
80381
80390
80391
80392
80393
80394
80401
80402
80403
80410
80421
80431
80422
80441
80451
80460
80461
80462
80471
80480
80481
80482
80483
80500
80491
80510
80520
80492
80511
80521
80512
80522
80513
80523
80514
80524
80515
80525
80516
80526
80517
80527
80518
80528
80519
80529
80600
80611
80612
80613
90000
90001
90010
90011
90012
90013
90021
90031
90041
90051
90061
90070
90080
90081
90082
90083
90084
90091
90100
90101
90102
90103
90104
90111
90120
90121
90122
90123
90124
90131
90140
90141
90142
90143
90144
90151
90160
90161
90162
90163
90164
90171
90172
90173
90180
90191
90211
90200
90221
90201
90202
90203
90230
90204
90231
90232
90233
90241
90234
90250
90260
90261
90262
90263
90264
90271
90280
90281
90282
90283
90284
90291
90300
90301
90302
90303
90304
90311
90320
90321
90322
90323
90324
90331
90340
90341
90342
90343
90344
90351
90360
90361
90362
90363
90364
90371
90372
90373
90380
90391
90411
90400
90421
90401
90402
90403
90430
90404
90440
90441
90442
90443
90444
90451
90460
90461
90462
90463
90464
90471
90480
90481
90482
90483
90484
90491
90500
90501
90502
90503
90504
90511
90520
90521
90522
90523
90524
90531
90540
90541
90542
90543
90544
90551
90560
90561
90562
90563
90564
90571
90572
90573
90580
90591
90601
90592
90610
90620
90630
90621
90631
90622
90632
90623
90633
90624
90634
90625
90635
90626
90636
90627
90637
90628
90638
90629
90639
90710
90721
90722
90730
90723
